6 RBOX C
62
0.6443  1.508  6.9697  1.068  43.32  1  
0.652  1.5063  6.9487  1.0694  43.29  1  
0.652  1.5063  6.9947  1.0665  43.32  1  
0.6513  1.4945  6.9818  1.0645  43.38  1  
0.6557  1.4895  6.9003  1.0761  43.36  1  
0.6573  1.4945  6.8968  1.0791  43.4  1  
0.6544  1.5038  6.9272  1.074  43.45  1  
0.6518  1.5031  6.9608  1.0705  43.54  1  
0.6533  1.5  6.9243  1.0737  43.45  1  
0.6504  1.4907  6.9437  1.0668  43.49  1  
0.651  1.4847  6.989  1.0638  43.47  1  
0.6518  1.4777  6.9727  1.0667  43.46  1  
0.6534  1.4813  7.0285  1.0553  43.42  1  
0.6495  1.4787  7.0714  1.0527  43.42  1  
0.6471  1.483  7.0545  1.0517  43.42  1  
0.6368  1.4935  7.0615  1.0517  43.47  1  
0.6383  1.4941  6.9704  1.0667  43.55  1  
0.638  1.4955  6.9833  1.0606  43.52  1  
0.6373  1.4957  7.0948  1.0512  43.51  1  
0.6336  1.4959  7.12  1.0433  43.52  1  
0.6318  1.5026  7.1193  1.0452  43.52  1  
0.6319  1.492  7.1127  1.045  43.5  1  
0.6321  1.4927  7.1149  1.0454  43.49  1  
0.6379  1.4958  7.0575  1.0573  43.48  1  
0.6381  1.4857  7.0006  1.0613  43.47  1  
0.6398  1.4942  6.9797  1.0662  43.52  1  
0.6451  1.4908  6.9468  1.0682  43.51  1  
0.6441  1.4908  7.0121  1.0594  43.48  1  
0.6456  1.4934  7.0589  1.0565  43.49  1  
0.65  1.4874  7.0266  1.0613  43.51  1  
0.649  1.4803  7.0104  1.0592  43.51  1  
0.6508  1.4748  7.0567  1.052  43.54  1  
0.6554  1.47  7.2023  1.0342  43.54  1  
0.6554  1.4737  7.1836  1.0362  43.52  1  
0.6554  1.4754  7.1656  1.0369  43.51  1  
0.6488  1.476  7.1512  1.0372  43.54  1  
0.6505  1.474  7.1527  1.0397  43.54  1  
0.6439  1.479  7.134  1.0406  43.55  1  
0.6459  1.4722  7.1324  1.0388  43.55  1  
0.65  1.4682  7.0722  1.0509  43.55  1  
0.649  1.4753  7.1082  1.043  43.58  1  
0.65  1.4736  7.0872  1.0476  43.57  1  
0.6551  1.4713  7.107  1.0414  43.57  1  
0.6503  1.4643  7.0973  1.0483  43.57  1  
0.6544  1.4637  7.0569  1.0563  43.61  1  
0.6536  1.47  6.9637  1.0665  43.61  1  
0.6522  1.4723  6.9186  1.0728  43.59  1  
0.6522  1.4698  6.9031  1.0719  43.58  1  
0.662  1.4686  6.9475  1.0686  43.59  1  
0.6612  1.4695  6.9253  1.0737  43.58  1  
0.6617  1.4713  6.9398  1.0729  43.54  1  
0.6563  1.4737  6.9594  1.0657  43.48  1  
0.6538  1.4737  6.9913  1.0631  43.33  1  
0.6518  1.475  6.9721  1.0668  43.37  1  
0.6561  1.4812  6.8992  1.0778  43.5  1  
0.6505  1.4819  6.8978  1.0758  43.43  1  
0.6505  1.4852  6.8409  1.0869  43.44  1  
0.644  1.4949  6.836  1.0868  43.36  1  
0.6458  1.4908  6.8702  1.0818  43.36  1  
0.6488  1.4902  6.893  1.0777  43.39  1  
0.648  1.4849  6.9032  1.0797  43.45  1  
0.6501  1.4764  6.885  1.0758  43.42  1  
